Aufgabe 1. Quicksort:

a) 
[23, 14, 53, 69, 42, 78, 44, 38, 39]
[38, 14, 23], 39, [53, 69, 42, 78, 44]
[14], 23, [38], 39, [42], 44, [53, 69, 78]
14, 23, 38, 39, 42, 44, [53, 69], 78
14, 23, 38, 39, 42, 44, [53], 69, 78
14, 23, 38, 39, 42, 44, 53, 69, 78

b)
[ 22, 10, 15, 18, 35, 29, 30, 37, 23 ]
[18, 15, 10, 22], 23, [35, 29, 30, 37]
[18, 15, 10], 22, 23, [35, 29, 30], 37
10, [18, 15], 22, 23, [29], 30, [35], 37
10, 15, [18], 22, 23, 29, 30, 35, 37
10, 15, 18, 22, 23, 29, 30, 35, 37

c)
[ 1, 2, 3, 4, 5, 6, 7, 8, 9 ]
[ 1, 2, 3, 4, 5, 6, 7, 8], 9 
[ 1, 2, 3, 4, 5, 6, 7], 8, 9
[ 1, 2, 3, 4, 5, 6], 7, 8, 9
[ 1, 2, 3, 4, 5], 6, 7, 8, 9
[ 1, 2, 3, 4], 5, 6, 7, 8, 9
[ 1, 2, 3], 4, 5, 6, 7, 8, 9
[ 1, 2], 3, 4, 5, 6, 7, 8, 9
[ 1], 2, 3, 4, 5, 6, 7, 8, 9
1, 2, 3, 4, 5, 6, 7, 8, 9     


Aufgabe 2. Mergesort:

a)
[ 23, 14, 53, 69, 42, 78, 44, 38, 39 ]
[ 23, 14, 53, 69], [42, 78, 44, 38, 39 ]
[23, 14], [53, 69], [42, 78], [44, 38, 39]
[23], [14], [53], [69], [42], [78], [44], [38, 39]
[23], [14], [53], [69], [42], [78], [44], [38], [39]
[14, 23], [53, 69], [42, 78], [44], [38, 39]
[14, 23, 53, 69], [42, 78], [38, 39, 44]
[14, 23, 53, 69], [38, 39, 42, 44, 78]
[ 14, 23, 38, 39, 42, 44, 53, 69, 78 ]

b)
[ 22, 10, 15, 18, 35, 29, 30, 37, 23 ]
[ 22, 10, 15, 18], [35, 29, 30, 37, 23 ]
[ 22, 10], [15, 18], [35, 29], [30, 37, 23 ]
[ 22], [10], [15], [18], [35], [29], [30], [37, 23 ]
[ 22], [10], [15], [18], [35], [29], [30], [37], [23 ]
[ 10, 22], [15, 18], [29, 35], [30], [23, 37]
[ 10, 15, 18, 22], [29, 35], [23, 30, 37]
[ 10, 15, 18, 22], [23, 29, 30, 35, 37]
[10, 15, 18, 22, 23, 29, 30, 35, 37]
 
c)
[1, 2, 3, 4, 5, 6, 7, 8, 9]
[1, 2, 3, 4][5, 6, 7, 8, 9]
[1, 2],[3, 4], [5, 6], [7, 8, 9]
[1], [2], [3], [4], [5], [6], [7], [8, 9]
[1], [2], [3], [4], [5], [6], [7], [8], [9]
[1, 2],[3, 4], [5, 6], [7], [8, 9]
[1, 2, 3, 4], [5, 6], [7, 8, 9]
[1, 2, 3, 4], [5, 6, 7, 8, 9]
[1, 2, 3, 4, 5, 6, 7, 8, 9]
